BPE sweep vs tiktoken (all rows)
GPU MB/s = (input_bytes / 1048576) / (time_ms / 1000).
x_k_pp = GPU kernel MB/s / tiktoken per_piece; x_e_enc = e2e / encode; x_p_enc = pipeline / encode.

[corpus_1MB] data/corpus_1MB.txt
  encode_full 121.127 ms 8.08 MB/s  |  per_piece 85.448 ms 11.45 MB/s  |  regex 182.267 ms 5.37 MB/s

kernel  threads_per_block  blocks  iterations  num_pieces  input_bytes  num_tokens  kernel_time_ms    x_k_pp  e2e_time_ms   x_e_enc  pipeline_time_ms  x_p_enc
    v1                 32    7755          10      248145      1025831      267761        6.421677 13.306167     8.848829 13.688442        191.115968 0.633786
    v1                 64    3878          10      248145      1025831      267761        5.188912 16.467407     7.640871 15.852471        189.908010 0.637818
    v1                128    1939          10      248145      1025831      267761        5.189494 16.465564     7.529258 16.087466        189.796397 0.638193
    v1                256     970          10      248145      1025831      267761        5.333402 16.021279     7.564787 16.011904        189.831926 0.638073
    v1                512     485          10      248145      1025831      267761        5.634966 15.163872     8.041267 15.063130        190.308406 0.636476
    v1               1024     243          10      248145      1025831      267761        5.822464 14.675558     8.027578 15.088821        190.294717 0.636521
    v2                 32  248145          10      248145      1025831      267761       23.703369  3.604887    26.040928  4.651393        208.308067 0.581478
    v2                 64  248145          10      248145      1025831      267761       22.959309  3.721708    25.078724  4.829856        207.345863 0.584177
    v2                128  248145          10      248145      1025831      267761       26.807501  3.187460    29.174534  4.151798        211.441673 0.572861
    v2                256  248145          10      248145      1025831      267761       44.474586  1.921273    46.612713  2.598573        228.879852 0.529215

[corpus_5MB] data/corpus_5MB.txt
  encode_full 614.807 ms 7.95 MB/s  |  per_piece 443.432 ms 11.03 MB/s  |  regex 913.041 ms 5.36 MB/s

kernel  threads_per_block  blocks  iterations  num_pieces  input_bytes  num_tokens  kernel_time_ms    x_k_pp  e2e_time_ms   x_e_enc  pipeline_time_ms  x_p_enc
    v1                 32   38670          10     1237423      5128041     1347113       33.465530 13.250407    43.334408 14.187501        956.375155 0.642851
    v1                 64   19335          10     1237423      5128041     1347113       27.564011 16.087348    36.546337 16.822663        949.587084 0.647446
    v1                128    9668          10     1237423      5128041     1347113       27.455542 16.150900    35.978413 17.088211        949.019160 0.647834
    v1                256    4834          10     1237423      5128041     1347113       28.257498 15.692533    37.084522 16.578524        950.125269 0.647080
    v1                512    2417          10     1237423      5128041     1347113       29.619827 14.970780    37.597256 16.352439        950.638003 0.646731
    v1               1024    1209          10     1237423      5128041     1347113       30.301783 14.633851    39.223351 15.674508        952.264098 0.645626
    v2                 32 1237423          10     1237423      5128041     1347113      118.765244  3.733682   127.417862  4.825117       1040.458609 0.590900
    v2                 64 1237423          10     1237423      5128041     1347113      115.096985  3.852681   125.334007  4.905348       1038.374754 0.592086
    v2                128 1237423          10     1237423      5128041     1347113      134.385605  3.299697   143.146149  4.294964       1056.186896 0.582100
    v2                256 1237423          10     1237423      5128041     1347113      223.412201  1.984811   232.242065  2.647268       1145.282812 0.536816

[corpus_10MB] data/corpus_10MB.txt
  encode_full 1301.522 ms 7.51 MB/s  |  per_piece 916.820 ms 10.67 MB/s  |  regex 1837.947 ms 5.32 MB/s

kernel  threads_per_block  blocks  iterations  num_pieces  input_bytes  num_tokens  kernel_time_ms    x_k_pp  e2e_time_ms   x_e_enc  pipeline_time_ms  x_p_enc
    v1                 32   76207          10     2438599     10255209     2742264       77.718994 11.796604    96.993919 13.418596       1934.941409 0.672642
    v1                 64   38104          10     2438599     10255209     2742264       66.924995 13.699225    85.672318 15.191864       1923.619808 0.676601
    v1                128   19052          10     2438599     10255209     2742264       66.465141 13.794008    85.177551 15.280108       1923.125041 0.676775
    v1                256    9526          10     2438599     10255209     2742264       67.996361 13.483371    86.033821 15.128026       1923.981311 0.676473
    v1                512    4763          10     2438599     10255209     2742264       70.567429 12.992120    89.170265 14.595926       1927.117755 0.675372
    v1               1024    2382          10     2438599     10255209     2742264       74.016029 12.386783    92.499802 14.070546       1930.447292 0.674208
    v2                 32 2438599          10     2438599     10255209     2742264      238.832230  3.838764   258.270447  5.039379       2096.217937 0.620891
    v2                 64 2438599          10     2438599     10255209     2742264      230.535965  3.976904   250.052200  5.205009       2087.999690 0.623334
    v2                128 2438599          10     2438599     10255209     2742264      268.827789  3.410433   288.981476  4.503819       2126.928966 0.611926
    v2                256 2438599          10     2438599     10255209     2742264      446.258209  2.054466   465.892975  2.793605       2303.840465 0.564936

[corpus_20MB] data/corpus_20MB.txt
  encode_full 2513.040 ms 7.76 MB/s  |  per_piece 1810.507 ms 10.77 MB/s  |  regex 3541.208 ms 5.51 MB/s

kernel  threads_per_block  blocks  iterations  num_pieces  input_bytes  num_tokens  kernel_time_ms   x_k_pp  e2e_time_ms   x_e_enc  pipeline_time_ms  x_p_enc
    v1                 32  147208          10     4710654     20453711     5327042      229.553619 7.887079   268.997803  9.342236       3810.205782 0.659555
    v1                 64   73604          10     4710654     20453711     5327042      203.805084 8.883527   242.477753 10.363997       3783.685732 0.664178
    v1                128   36802          10     4710654     20453711     5327042      204.623886 8.847978   243.512009 10.319988       3784.719988 0.663996
    v1                256   18401          10     4710654     20453711     5327042      208.784790 8.671644   247.287552 10.162425       3788.495531 0.663334
    v1                512    9201          10     4710654     20453711     5327042      216.171555 8.375325   254.557159  9.872203       3795.765138 0.662064
    v1               1024    4601          10     4710654     20453711     5327042      218.868622 8.272122   257.515961  9.758779       3798.723940 0.661548
    v2                 32 4710654          10     4710654     20453711     5327042      478.345306 3.784943   516.994263  4.860870       4058.202242 0.619250
    v2                 64 4710654          10     4710654     20453711     5327042      464.496094 3.897790   503.213196  4.993993       4044.421175 0.621360
    v2                128 4710654          10     4710654     20453711     5327042      542.867432 3.335086   581.493164  4.321703       4122.701143 0.609561
    v2                256 4710654          10     4710654     20453711     5327042      895.235352 2.022383   933.913391  2.690871       4475.121370 0.561558

[corpus_full] data/corpus.txt
  encode_full 3772.087 ms 7.96 MB/s  |  per_piece 2746.257 ms 10.94 MB/s  |  regex 5322.061 ms 5.65 MB/s

kernel  threads_per_block  blocks  iterations  num_pieces  input_bytes  num_tokens  kernel_time_ms    x_k_pp  e2e_time_ms   x_e_enc  pipeline_time_ms  x_p_enc
    v1                 32  221978          10     7103294     31502530     7976079      289.274872  9.493594   349.137909 10.803999       5671.199363 0.665130
    v1                 64  110989          10     7103294     31502530     7976079      256.371033 10.712041   316.500122 11.918116       5638.561576 0.668980
    v1                128   55495          10     7103294     31502530     7976079      256.866058 10.691400   316.597107 11.914475       5638.658561 0.668969
    v1                256   27748          10     7103294     31502530     7976079      261.830536 10.488679   319.215942 11.816730       5641.277396 0.668658
    v1                512   13874          10     7103294     31502530     7976079      264.724182 10.374032   322.190399 11.707635       5644.251853 0.668306
    v1               1024    6937          10     7103294     31502530     7976079      235.114700 11.680497   294.042267 12.828382       5616.103721 0.671655
    v2                 32 7103294          10     7103294     31502530     7976079      738.840942  3.716976   799.623657  4.717326       6121.685111 0.616184
    v2                 64 7103294          10     7103294     31502530     7976079      717.351685  3.828324   776.324280  4.858902       6098.385734 0.618539
    v2                128 7103294          10     7103294     31502530     7976079      839.677917  3.270610   898.626160  4.197613       6220.687614 0.606378
    v2                256 7103294          10     7103294     31502530     7976079     1388.972534  1.977189  1447.454834  2.606007       6769.516288 0.557217
